<?xml version="1.0"?>
<opencv_storage>
<calibration_time>"Tue Aug  1 16:32:08 2017"</calibration_time>
<nr_of_frames>10</nr_of_frames>
<image_width>640</image_width>
<image_height>480</image_height>
<board_width>9</board_width>
<board_height>6</board_height>
<square_size>23.</square_size>
<fix_aspect_ratio>1.</fix_aspect_ratio>
<!-- flags: +fix_aspectRatio +fix_principal_point +zero_tangent_dist +fix_k4 +fix_k5 -->
<flags>6158</flags>
<fisheye_model>0</fisheye_model>
<camera_matrix type_id="opencv-matrix">
  <rows>3</rows>
  <cols>3</cols>
  <dt>d</dt>
  <data>
    6.0392736761123535e+02 0. 320. 0. 6.0392736761123535e+02 240. 0. 0.
    1.</data></camera_matrix>
<distortion_coefficients type_id="opencv-matrix">
  <rows>5</rows>
  <cols>1</cols>
  <dt>d</dt>
  <data>
    3.8040451881979298e-02 7.4046715104965599e-01 0. 0.
    -2.9292407810984185e+00</data></distortion_coefficients>
<avg_reprojection_error>3.3005723369169671e-01</avg_reprojection_error>
<per_view_reprojection_errors type_id="opencv-matrix">
  <rows>10</rows>
  <cols>1</cols>
  <dt>f</dt>
  <data>
    4.35464621e-01 2.22391903e-01 1.67794243e-01 2.63231635e-01
    3.33282292e-01 3.01061839e-01 4.79795188e-01 2.43937016e-01
    3.65810573e-01 3.57215613e-01</data></per_view_reprojection_errors>
<!-- a set of 6-tuples (rotation vector + translation vector) for each view -->
<extrinsic_parameters type_id="opencv-matrix">
  <rows>10</rows>
  <cols>6</cols>
  <dt>d</dt>
  <data>
    2.7528564291224807e-02 -2.0266952753023079e-01
    3.0642287793261107e+00 1.1797461025659032e+02 5.6649365083368288e+01
    3.1897758309450961e+02 -2.8412391882579269e-01
    -1.9593926544941492e-01 3.0390253949730375e+00
    1.2011758379744776e+02 3.9162744416262903e+01 3.5916124493645111e+02
    2.9249699367441556e-01 -2.3576935663100199e-01
    3.0823020466685858e+00 1.1706458765099221e+02 4.5126410771004984e+01
    3.1743725543407925e+02 2.9070776632899598e-01
    -5.9477942991114396e-01 3.0078867997970673e+00
    1.1181546266964696e+02 6.1163176260049184e+01 3.0116833579918364e+02
    5.0103499043220270e-02 -8.3797054324947162e-01
    -3.0055791233351048e+00 1.1045086992566986e+02
    3.9813888028746675e+01 2.8826345589346175e+02 2.5425196715683992e-02
    2.2108792960883913e-01 3.0940673293552936e+00 1.0273834662449028e+02
    2.9540417614360312e+01 2.5245006136042383e+02 3.2647973137894210e-01
    1.6806899243265300e-02 3.0797431317048365e+00 1.0428551903419348e+02
    3.8021238846822072e+01 2.5163565584033293e+02 4.6588375520277325e-01
    4.8048918315881928e-02 3.0750891265068194e+00 1.0433342923051634e+02
    4.1391996822852541e+01 2.8178536714657992e+02 3.8256990859294498e-01
    -2.5834879260001525e-01 -3.0170790240080438e+00
    1.2130001950367668e+02 6.3938992222355317e+01 3.3178372193108970e+02
    4.0647590233949088e-01 -3.2592934497405701e-01
    -2.9100667766595656e+00 1.2030008814910666e+02
    6.5452893682595672e+01 3.1985650474988518e+02</data></extrinsic_parameters>
<image_points type_id="opencv-matrix">
  <rows>10</rows>
  <cols>54</cols>
  <dt>"2f"</dt>
  <data>
    5.45910339e+02 3.48532745e+02 5.01191193e+02 3.51270782e+02
    4.56522552e+02 3.53692993e+02 4.12380951e+02 3.56204498e+02
    3.68723511e+02 3.58721405e+02 3.25743317e+02 3.61533051e+02
    2.82544830e+02 3.64521790e+02 2.39561966e+02 3.67562012e+02
    1.96304443e+02 3.70901428e+02 5.45270020e+02 3.05508453e+02
    4.99697540e+02 3.08392487e+02 4.54601593e+02 3.10960388e+02
    4.10097931e+02 3.13657532e+02 3.66273346e+02 3.16517609e+02
    3.22788757e+02 3.19456390e+02 2.79313782e+02 3.22449097e+02
    2.35856873e+02 3.25580139e+02 1.92530685e+02 3.28724243e+02
    5.44327637e+02 2.61674683e+02 4.98115936e+02 2.64596283e+02
    4.52576447e+02 2.67605408e+02 4.07907928e+02 2.70559052e+02
    3.63679443e+02 2.73643646e+02 3.19915710e+02 2.76761566e+02
    2.75844055e+02 2.79820221e+02 2.32233078e+02 2.82903046e+02
    1.88371521e+02 2.86158478e+02 5.43107971e+02 2.16642014e+02
    4.96506683e+02 2.19983765e+02 4.50755157e+02 2.23250809e+02
    4.05536255e+02 2.26492096e+02 3.61126678e+02 2.29636414e+02
    3.16807129e+02 2.32835526e+02 2.72550659e+02 2.36080078e+02
    2.28357635e+02 2.39276871e+02 1.84170502e+02 2.42481567e+02
    5.41994873e+02 1.71346451e+02 4.95302826e+02 1.74802460e+02
    4.49040833e+02 1.78415237e+02 4.03542053e+02 1.81853485e+02
    3.58462830e+02 1.85280792e+02 3.13895844e+02 1.88525391e+02
    2.69096802e+02 1.91768509e+02 2.24625946e+02 1.95093704e+02
    1.79892059e+02 1.98310608e+02 5.41422729e+02 1.24829033e+02
    4.94221832e+02 1.28640762e+02 4.47630829e+02 1.32533676e+02
    4.01339081e+02 1.36264114e+02 3.56029480e+02 1.39746902e+02
    3.10746460e+02 1.43237106e+02 2.65658661e+02 1.46635239e+02
    2.20461319e+02 1.49918579e+02 1.75461563e+02 1.53160950e+02
    5.23915955e+02 3.06557495e+02 4.87142090e+02 3.10802429e+02
    4.49590118e+02 3.15329346e+02 4.11377594e+02 3.19672607e+02
    3.72558380e+02 3.24341644e+02 3.33233246e+02 3.29203827e+02
    2.92621246e+02 3.34335938e+02 2.51148941e+02 3.39586243e+02
    2.08326981e+02 3.45262848e+02 5.23294006e+02 2.68248474e+02
    4.85802490e+02 2.72322876e+02 4.47962799e+02 2.76309143e+02
    4.09450531e+02 2.80431854e+02 3.70327484e+02 2.84634338e+02
    3.30535522e+02 2.89165100e+02 2.89538391e+02 2.93728271e+02
    2.47582092e+02 2.98567017e+02 2.04375549e+02 3.03518677e+02
    5.22441772e+02 2.29282532e+02 4.84448059e+02 2.32834106e+02
    4.46248413e+02 2.36622314e+02 4.07430206e+02 2.40425766e+02
    3.68101379e+02 2.44372192e+02 3.27886261e+02 2.48408859e+02
    2.86359711e+02 2.52488922e+02 2.43933990e+02 2.56730469e+02
    2.00312088e+02 2.61234467e+02 5.21019714e+02 1.89251328e+02
    4.82783630e+02 1.92568008e+02 4.44376404e+02 1.96009720e+02
    4.05181091e+02 1.99450317e+02 3.65481934e+02 2.02910980e+02
    3.24881592e+02 2.06461136e+02 2.83086090e+02 2.10122208e+02
    2.40163544e+02 2.13794281e+02 1.95922623e+02 2.17668793e+02
    5.19772522e+02 1.48745605e+02 4.81584320e+02 1.51827621e+02
    4.42658478e+02 1.54954330e+02 4.03269592e+02 1.57914001e+02
    3.62956696e+02 1.61065887e+02 3.21985291e+02 1.64073730e+02
    2.79659943e+02 1.67221222e+02 2.36311783e+02 1.70358627e+02
    1.91557648e+02 1.73515518e+02 5.19256714e+02 1.07467026e+02
    4.80641266e+02 1.09947952e+02 4.41429535e+02 1.12732437e+02
    4.01357849e+02 1.15444954e+02 3.60598419e+02 1.18045685e+02
    3.19147400e+02 1.20644043e+02 2.76286255e+02 1.23304688e+02
    2.32286606e+02 1.25731239e+02 1.86848221e+02 1.28372025e+02
    5.45537476e+02 3.26921875e+02 4.98958160e+02 3.26487854e+02
    4.53772980e+02 3.25845398e+02 4.10314728e+02 3.25373138e+02
    3.68398163e+02 3.24921326e+02 3.27637756e+02 3.24654114e+02
    2.87705322e+02 3.24616058e+02 2.48910660e+02 3.24581787e+02
    2.10789886e+02 3.24613464e+02 5.45684570e+02 2.83644409e+02
    4.98461334e+02 2.83936859e+02 4.52822113e+02 2.83972961e+02
    4.08866516e+02 2.84272369e+02 3.66586731e+02 2.84478363e+02
    3.25549469e+02 2.84719696e+02 2.85314728e+02 2.85230957e+02
    2.46066360e+02 2.85586090e+02 2.07751358e+02 2.85976837e+02
    5.45794006e+02 2.39598907e+02 4.97965363e+02 2.40447403e+02
    4.51907318e+02 2.41465317e+02 4.07580780e+02 2.42311356e+02
    3.64788757e+02 2.43294296e+02 3.23444000e+02 2.44184433e+02
    2.82676849e+02 2.44951920e+02 2.43244141e+02 2.45771591e+02
    2.04488800e+02 2.46666428e+02 5.45978271e+02 1.94033493e+02
    4.97576538e+02 1.95721878e+02 4.51282959e+02 1.97533920e+02
    4.06403809e+02 1.99290375e+02 3.63329193e+02 2.00646790e+02
    3.21394714e+02 2.02221817e+02 2.80137512e+02 2.03561172e+02
    2.40307526e+02 2.04969101e+02 2.01177231e+02 2.06383835e+02
    5.46298279e+02 1.47937836e+02 4.97548553e+02 1.50539612e+02
    4.50582703e+02 1.53177338e+02 4.05293030e+02 1.55473511e+02
    3.61534576e+02 1.57604584e+02 3.19346039e+02 1.59627991e+02
    2.77799377e+02 1.61623856e+02 2.37473602e+02 1.63536377e+02
