<?xml version="1.0"?>
<opencv_storage>
<calibration_time>"Mon Jul 31 10:08:59 2017"</calibration_time>
<nr_of_frames>10</nr_of_frames>
<image_width>640</image_width>
<image_height>480</image_height>
<board_width>9</board_width>
<board_height>6</board_height>
<square_size>23.</square_size>
<fix_aspect_ratio>1.</fix_aspect_ratio>
<!-- flags: +fix_aspectRatio +fix_principal_point +zero_tangent_dist +fix_k4 +fix_k5 -->
<flags>6158</flags>
<fisheye_model>0</fisheye_model>
<camera_matrix type_id="opencv-matrix">
  <rows>3</rows>
  <cols>3</cols>
  <dt>d</dt>
  <data>
    6.0464310677129083e+02 0. 320. 0. 6.0464310677129083e+02 240. 0. 0.
    1.</data></camera_matrix>
<distortion_coefficients type_id="opencv-matrix">
  <rows>5</rows>
  <cols>1</cols>
  <dt>d</dt>
  <data>
    3.8005222150145478e-02 7.0664029012742913e-01 0. 0.
    -2.7949712845936445e+00</data></distortion_coefficients>
<avg_reprojection_error>3.3020351615171167e-01</avg_reprojection_error>
<per_view_reprojection_errors type_id="opencv-matrix">
  <rows>10</rows>
  <cols>1</cols>
  <dt>f</dt>
  <data>
    4.25802767e-01 2.13636234e-01 1.67515948e-01 2.56942093e-01
    3.41990262e-01 2.99315035e-01 4.92684156e-01 2.50652641e-01
    3.59933615e-01 3.57282668e-01</data></per_view_reprojection_errors>
<!-- a set of 6-tuples (rotation vector + translation vector) for each view -->
<extrinsic_parameters type_id="opencv-matrix">
  <rows>10</rows>
  <cols>6</cols>
  <dt>d</dt>
  <data>
    1.3203875210387217e-01 -1.8239395528552242e-02
    7.0671203469348659e-02 -1.1025850875526240e+02
    -5.7068889412860798e+01 3.0423469296638143e+02
    1.2828033057620519e-01 1.8564975043472356e-01 8.3260275840843015e-02
    -1.1255137821893305e+02 -7.4500331712686133e+01
    3.4394026537170686e+02 1.5236619360876300e-01
    -1.8962464591997441e-01 3.6664346751149594e-02
    -1.1176950430094902e+02 -6.8473618150119336e+01
    3.0081689602463609e+02 3.8918298144523344e-01
    -1.9121412191915749e-01 6.2473778418774710e-02
    -1.0113724017460983e+02 -4.5054044446582509e+01
    2.5875576668474389e+02 -5.4376273047064161e-01
    3.1462929988741194e-02 -2.1632781003180755e-02
    -1.1232906096370526e+02 -5.8565689710528247e+01
    3.4802108723691242e+02 -1.4261380664638268e-01
    -1.6468704074695632e-02 3.9485828970443081e-02
    -9.8772199344621683e+01 -8.4194820064233312e+01
    2.6907965818007006e+02 -1.0589729695104041e-02
    -2.1164271497890758e-01 4.4640343942838050e-02
    -9.9759987340265155e+01 -7.6857912499629222e+01
    2.5368364326855274e+02 -3.0859173442716065e-02
    -3.0165426677228085e-01 3.1145339512125548e-02
    -1.0181992135448468e+02 -7.3497569803647806e+01
    2.8612058367454870e+02 -1.6975417235402648e-01
    2.5079403661668420e-01 -8.9842110963298000e-02
    -1.2955246724503141e+02 -4.8953559798367557e+01
    3.5251297347635193e+02 -2.2086677354765363e-01
    2.7486437683193132e-01 -1.8635886053172643e-01
    -1.3822350813226632e+02 -4.4803506396590443e+01
    3.4773217510341527e+02</data></extrinsic_parameters>
<image_points type_id="opencv-matrix">
  <rows>10</rows>
  <cols>54</cols>
  <dt>"2f"</dt>
  <data>
    9.75772552e+01 1.24829033e+02 1.44778183e+02 1.28640762e+02
    1.91369156e+02 1.32533676e+02 2.37660919e+02 1.36264114e+02
    2.82970520e+02 1.39746902e+02 3.28253540e+02 1.43237106e+02
    3.73341339e+02 1.46635239e+02 4.18538666e+02 1.49918579e+02
    4.63538452e+02 1.53160950e+02 9.70051117e+01 1.71346451e+02
    1.43697189e+02 1.74802460e+02 1.89959167e+02 1.78415237e+02
    2.35457932e+02 1.81853485e+02 2.80537170e+02 1.85280792e+02
    3.25104156e+02 1.88525391e+02 3.69903198e+02 1.91768509e+02
    4.14374054e+02 1.95093704e+02 4.59107941e+02 1.98310608e+02
    9.58920441e+01 2.16642014e+02 1.42493301e+02 2.19983765e+02
    1.88244843e+02 2.23250809e+02 2.33463745e+02 2.26492096e+02
    2.77873322e+02 2.29636414e+02 3.22192871e+02 2.32835526e+02
    3.66449341e+02 2.36080078e+02 4.10642365e+02 2.39276871e+02
    4.54829498e+02 2.42481567e+02 9.46719513e+01 2.61672699e+02
    1.40884064e+02 2.64596283e+02 1.86423569e+02 2.67605408e+02
    2.31092056e+02 2.70559052e+02 2.75320557e+02 2.73643646e+02
    3.19084290e+02 2.76761566e+02 3.63155945e+02 2.79820221e+02
    4.06766907e+02 2.82903046e+02 4.50628479e+02 2.86158508e+02
    9.37300034e+01 3.05508453e+02 1.39305191e+02 3.08403076e+02
    1.84398407e+02 3.10960388e+02 2.28902069e+02 3.13657532e+02
    2.72726654e+02 3.16517609e+02 3.16211243e+02 3.19456390e+02
    3.59686218e+02 3.22449097e+02 4.03143127e+02 3.25580139e+02
    4.46469299e+02 3.28724243e+02 9.30868225e+01 3.48537140e+02
    1.37808792e+02 3.51270782e+02 1.82478287e+02 3.53692749e+02
    2.26619049e+02 3.56204498e+02 2.70276489e+02 3.58721405e+02
    3.13256683e+02 3.61533051e+02 3.56455170e+02 3.64521790e+02
    3.99438019e+02 3.67562012e+02 4.42695557e+02 3.70901428e+02
    1.19743286e+02 1.07467026e+02 1.58358719e+02 1.09947952e+02
    1.97570450e+02 1.12732437e+02 2.37642151e+02 1.15444954e+02
    2.78401581e+02 1.18045685e+02 3.19852600e+02 1.20644043e+02
    3.62713745e+02 1.23304688e+02 4.06713409e+02 1.25731239e+02
    4.52151764e+02 1.28372025e+02 1.19227493e+02 1.48745605e+02
    1.57415665e+02 1.51827621e+02 1.96341522e+02 1.54954330e+02
    2.35730423e+02 1.57914001e+02 2.76043304e+02 1.61065887e+02
    3.17014709e+02 1.64073730e+02 3.59340057e+02 1.67221222e+02
    4.02688202e+02 1.70358627e+02 4.47442352e+02 1.73515518e+02
    1.17980270e+02 1.89251328e+02 1.56216370e+02 1.92568008e+02
    1.94623611e+02 1.96009720e+02 2.33818909e+02 1.99450317e+02
    2.73518066e+02 2.02910980e+02 3.14118408e+02 2.06461136e+02
    3.55913910e+02 2.10122208e+02 3.98836456e+02 2.13794281e+02
    4.43077362e+02 2.17668793e+02 1.16558212e+02 2.29282516e+02
    1.54551956e+02 2.32834106e+02 1.92751572e+02 2.36622314e+02
    2.31569778e+02 2.40425766e+02 2.70898621e+02 2.44372192e+02
    3.11113739e+02 2.48408859e+02 3.52640289e+02 2.52488922e+02
    3.95066010e+02 2.56730469e+02 4.38687897e+02 2.61234467e+02
    1.15705986e+02 2.68248474e+02 1.53197510e+02 2.72322876e+02
    1.91037216e+02 2.76309143e+02 2.29549469e+02 2.80431854e+02
    2.68672516e+02 2.84634338e+02 3.08464478e+02 2.89165100e+02
    3.49461609e+02 2.93728271e+02 3.91417908e+02 2.98567017e+02
    4.34624451e+02 3.03518677e+02 1.15084030e+02 3.06557495e+02
    1.51857925e+02 3.10802429e+02 1.89409866e+02 3.15329346e+02
    2.27622421e+02 3.19672607e+02 2.66441620e+02 3.24341644e+02
    3.05766754e+02 3.29203827e+02 3.46378754e+02 3.34335938e+02
    3.87851044e+02 3.39586243e+02 4.30673035e+02 3.45262848e+02
    9.23761597e+01 1.00676094e+02 1.41417938e+02 1.03903969e+02
    1.88739090e+02 1.07354538e+02 2.34763443e+02 1.10466713e+02
    2.79071503e+02 1.13415611e+02 3.21832184e+02 1.16112358e+02
    3.63779175e+02 1.18647400e+02 4.04676239e+02 1.21090561e+02
    4.44647644e+02 1.23392479e+02 9.27018127e+01 1.47938004e+02
    1.41451447e+02 1.50539612e+02 1.88418198e+02 1.53176132e+02
    2.33706955e+02 1.55473511e+02 2.77465424e+02 1.57604584e+02
    3.19653961e+02 1.59627991e+02 3.61200623e+02 1.61623856e+02
    4.01526398e+02 1.63536377e+02 4.41051727e+02 1.65419159e+02
    9.30130157e+01 1.94032379e+02 1.41423462e+02 1.95721878e+02
    1.87717026e+02 1.97533920e+02 2.32595459e+02 1.99292282e+02
    2.75670807e+02 2.00646790e+02 3.17605286e+02 2.02221817e+02
    3.58862488e+02 2.03561172e+02 3.98692474e+02 2.04969101e+02
    4.37822754e+02 2.06383835e+02 9.32060013e+01 2.39598907e+02
    1.41034653e+02 2.40447403e+02 1.87092682e+02 2.41465317e+02
    2.31419220e+02 2.42311356e+02 2.74210480e+02 2.43294571e+02
    3.15556000e+02 2.44184433e+02 3.56323151e+02 2.44951920e+02
    3.95755859e+02 2.45771591e+02 4.34511200e+02 2.46666428e+02
    9.33154221e+01 2.83644409e+02 1.40538651e+02 2.83936859e+02
    1.86177887e+02 2.83972961e+02 2.30133499e+02 2.84272369e+02
    2.72413330e+02 2.84478149e+02 3.13450531e+02 2.84719696e+02
    3.53685272e+02 2.85230957e+02 3.92933655e+02 2.85586090e+02
